<?xml version="1.0" encoding="utf-8"?>
<COLLADA xmlns="http://www.collada.org/2005/11/COLLADASchema" version="1.4.1">
  <asset>
    <contributor>
      <author>
      </author>
      <authoring_tool>FBX COLLADA exporter</authoring_tool>
      <comments>
      </comments>
    </contributor>
    <created>2021-05-15T06:30:26Z</created>
    <keywords>
    </keywords>
    <modified>2021-05-15T06:30:26Z</modified>
    <revision>
    </revision>
    <subject>
    </subject>
    <title>
    </title>
    <unit meter="0.010000" name="centimeter">
    </unit>
    <up_axis>Y_UP</up_axis>
  </asset>
  <library_materials>
    <material id="lambert1" name="lambert1">
      <instance_effect url="#lambert1-fx">
      </instance_effect>
    </material>
  </library_materials>
  <library_effects>
    <effect id="lambert1-fx" name="lambert1">
      <profile_COMMON>
        <technique sid="standard">
          <lambert>
            <emission>
              <color sid="emission">0.000000  0.000000 0.000000 1.000000</color>
            </emission>
            <ambient>
              <color sid="ambient">0.000000  0.000000 0.000000 1.000000</color>
            </ambient>
            <diffuse>
              <color sid="diffuse">0.400000  0.400000 0.400000 1.000000</color>
            </diffuse>
            <transparent opaque="RGB_ZERO">
              <color sid="transparent">0.000000  0.000000 0.000000 1.000000</color>
            </transparent>
            <transparency>
              <float sid="transparency">1.000000</float>
            </transparency>
          </lambert>
        </technique>
      </profile_COMMON>
    </effect>
  </library_effects>
  <library_geometries>
    <geometry id="mesh-lib" name="meshMesh">
      <mesh>
        <source id="mesh-POSITION">
          <float_array id="mesh-POSITION-array" count="48">
-1.000000 -0.500000 0.500000
0.000000 -0.500000 0.500000
-1.000000 0.500000 0.500000
0.000000 0.500000 0.500000
-1.000000 0.500000 -0.500000
0.000000 0.500000 -0.500000
-1.000000 -0.500000 -0.500000
0.000000 -0.500000 -0.500000
-2.000000 -0.500000 -0.500000
-3.000000 -0.500000 -0.500000
-2.000000 -0.500000 0.500000
-3.000000 -0.500000 0.500000
-2.000000 0.500000 0.500000
-3.000000 0.500000 0.500000
-2.000000 0.500000 -0.500000
-3.000000 0.500000 -0.500000
</float_array>
          <technique_common>
            <accessor source="#mesh-POSITION-array" count="16" stride="3">
              <param name="X" type="float">
              </param>
              <param name="Y" type="float">
              </param>
              <param name="Z" type="float">
              </param>
            </accessor>
          </technique_common>
        </source>
        <source id="mesh-Normal0">
          <float_array id="mesh-Normal0-array" count="252">
0.000000 0.000000 1.000000
0.000000 0.000000 1.000000
0.000000 0.000000 1.000000
0.000000 0.000000 1.000000
0.000000 0.000000 1.000000
0.000000 0.000000 1.000000
0.000000 1.000000 0.000000
0.000000 1.000000 0.000000
0.000000 1.000000 0.000000
0.000000 1.000000 0.000000
0.000000 1.000000 0.000000
0.000000 1.000000 0.000000
0.000000 0.000000 -1.000000
0.000000 0.000000 -1.000000
0.000000 0.000000 -1.000000
0.000000 0.000000 -1.000000
0.000000 0.000000 -1.000000
0.000000 0.000000 -1.000000
0.000000 -1.000000 0.000000
0.000000 -1.000000 0.000000
0.000000 -1.000000 0.000000
0.000000 -1.000000 0.000000
0.000000 -1.000000 0.000000
0.000000 -1.000000 0.000000
1.000000 0.000000 0.000000
1.000000 0.000000 0.000000
1.000000 0.000000 0.000000
1.000000 0.000000 0.000000
1.000000 0.000000 0.000000
1.000000 0.000000 0.000000
-1.000000 0.000000 0.000000
-1.000000 0.000000 0.000000
-1.000000 0.000000 0.000000
-1.000000 0.000000 0.000000
-1.000000 0.000000 0.000000
-1.000000 0.000000 0.000000
0.000000 -1.000000 0.000000
0.000000 -1.000000 0.000000
0.000000 -1.000000 0.000000
0.000000 -1.000000 0.000000
0.000000 -1.000000 0.000000
0.000000 -1.000000 0.000000
0.000000 -1.000000 0.000000
0.000000 -1.000000 0.000000
0.000000 -1.000000 0.000000
0.000000 -1.000000 0.000000
0.000000 -1.000000 0.000000
0.000000 -1.000000 0.000000
0.000000 0.000000 1.000000
0.000000 0.000000 1.000000
0.000000 0.000000 1.000000
0.000000 0.000000 1.000000
0.000000 0.000000 1.000000
0.000000 0.000000 1.000000
0.000000 0.000000 1.000000
0.000000 0.000000 1.000000
0.000000 0.000000 1.000000
0.000000 0.000000 1.000000
0.000000 0.000000 1.000000
0.000000 0.000000 1.000000
0.000000 1.000000 0.000000
0.000000 1.000000 0.000000
0.000000 1.000000 0.000000
0.000000 1.000000 0.000000
0.000000 1.000000 0.000000
0.000000 1.000000 0.000000
0.000000 1.000000 0.000000
0.000000 1.000000 0.000000
0.000000 1.000000 0.000000
0.000000 1.000000 0.000000
0.000000 1.000000 0.000000
0.000000 1.000000 0.000000
0.000000 0.000000 -1.000000
0.000000 0.000000 -1.000000
0.000000 0.000000 -1.000000
0.000000 0.000000 -1.000000
0.000000 0.000000 -1.000000
0.000000 0.000000 -1.000000
0.000000 0.000000 -1.000000
0.000000 0.000000 -1.000000
0.000000 0.000000 -1.000000
0.000000 0.000000 -1.000000
0.000000 0.000000 -1.000000
0.000000 0.000000 -1.000000
</float_array>
          <technique_common>
            <accessor source="#mesh-Normal0-array" count="84" stride="3">
              <param name="X" type="float">
              </param>
              <param name="Y" type="float">
              </param>
              <param name="Z" type="float">
              </param>
            </accessor>
          </technique_common>
        </source>
        <source id="mesh-UV0">
          <float_array id="mesh-UV0-array" count="44">
0.375000 0.000000
0.625000 0.000000
0.375000 0.250000
0.625000 0.250000
0.375000 0.500000
0.625000 0.500000
0.375000 0.750000
0.625000 0.750000
0.375000 1.000000
0.625000 1.000000
0.875000 0.000000
0.875000 0.250000
0.125000 0.000000
0.125000 0.250000
0.125000 0.000000
0.125000 0.000000
0.375000 0.000000
0.375000 0.000000
0.375000 0.250000
0.375000 0.250000
0.125000 0.250000
0.125000 0.250000
</float_array>
          <technique_common>
            <accessor source="#mesh-UV0-array" count="22" stride="2">
              <param name="S" type="float">
              </param>
              <param name="T" type="float">
              </param>
            </accessor>
          </technique_common>
        </source>
        <vertices id="mesh-VERTEX">
          <input semantic="POSITION" source="#mesh-POSITION">
          </input>
        </vertices>
        <triangles count="28" material="lambert1">
          <input semantic="VERTEX" offset="0" source="#mesh-VERTEX">
          </input>
          <input semantic="NORMAL" offset="1" source="#mesh-Normal0">
          </input>
          <input semantic="TEXCOORD" offset="2" set="0" source="#mesh-UV0">
          </input>
          <p> 3 0 3 2 1 2 0 2 0 3 3 3 0 4 0 1 5 1 3 6 3 5 7 5 2 8 2 2 9 2 5 10 5 4 11 4 7 12 7 6 13 6 4 14 4 7 15 7 4 16 4 5 17 5 1 18 9 0 19 8 6 20 6 1 21 9 6 22 6 7 23 7 3 24 3 1 25 1 5 26 11 1 27 1 7 28 10 5 29 11 13 30 19 9 31 15 11 32 17 9 33 15 13 34 19 15 35 21 10 36 16 6 37 12 0 38 0 6 39 12 10 40 16 8 41 14 11 42 17 8 43 14 10 44 16 8 45 14 11 46 17 9 47 15 12 48 18 0 49 0 2 50 2 0 51 0 12 52 18 10 53 16 13 54 19 10 55 16 12 56 18 10 57 16 13 58 19 11 59 17 12 60 18 2 61 2 14 62 20 2 63 2 4 64 13 14 65 20 13 66 19 12 67 18 15 68 21 12 69 18 14 70 20 15 71 21 8 72 14 4 73 13 6 74 12 4 75 13 8 76 14 14 77 20 9 78 15 14 79 20 8 80 14 14 81 20 9 82 15 15 83 21</p>
        </triangles>
      </mesh>
    </geometry>
  </library_geometries>
  <library_controllers>
    <controller id="meshController">
      <skin source="#mesh-lib">
        <bind_shape_matrix>1.000000 -0.000000 0.000000 0.000000 0.000000 1.000000 -0.000000 0.000000 0.000000 0.000000 1.000000 0.000000 0.000000 0.000000 0.000000 1.000000
</bind_shape_matrix>
        <source id="meshController-Joints">
          <Name_array id="meshController-Joints-array" count="4">
 joint1 joint2 joint3 joint4</Name_array>
          <technique_common>
            <accessor source="#meshController-Joints-array" count="4">
              <param type="name">
              </param>
            </accessor>
          </technique_common>
        </source>
        <source id="meshController-Matrices">
          <float_array id="meshController-Matrices-array" count="64">

-1.000000 0.000000 -0.000000 -0.000000 0.000000 1.000000 -0.000000 -0.000000 0.000000 -0.000000 -1.000000 -0.000000 0.000000 0.000000 0.000000 1.000000
-1.000000 0.000000 -0.000000 -1.000000 0.000000 1.000000 -0.000000 0.000000 0.000000 -0.000000 -1.000000 0.000000 0.000000 0.000000 0.000000 1.000000
1.000000 -0.000000 0.000000 2.000000 -0.000000 1.000000 -0.000000 -0.000000 -0.000000 -0.000000 1.000000 -0.000000 0.000000 0.000000 0.000000 1.000000
1.000000 -0.000000 0.000000 3.000000 -0.000000 1.000000 -0.000000 -0.000000 -0.000000 -0.000000 1.000000 -0.000000 0.000000 0.000000 0.000000 1.000000</float_array>
          <technique_common>
            <accessor source="#meshController-Matrices-array" count="4" stride="16">
              <param type="float4x4">
              </param>
            </accessor>
          </technique_common>
        </source>
        <source id="meshController-Weights">
          <float_array id="meshController-Weights-array" count="65">

1.000000 0.470930 0.470930 0.052326 0.005814 0.887921 0.098658 0.010962 0.002460 0.470930 0.470930 0.052326 0.005814 0.887921 0.098658 0.010962
0.002460 0.470930 0.470930 0.052326 0.005814 0.887921 0.098658 0.010962 0.002460 0.470930 0.470930 0.052326 0.005814 0.887921 0.098658 0.010962
0.002460 0.050000 0.450000 0.450000 0.050000 0.005814 0.052326 0.470930 0.470930 0.050000 0.450000 0.450000 0.050000 0.005814 0.052326 0.470930
0.470930 0.050000 0.450000 0.450000 0.050000 0.005814 0.052326 0.470930 0.470930 0.050000 0.450000 0.450000 0.050000 0.005814 0.052326 0.470930
0.470930</float_array>
          <technique_common>
            <accessor source="#meshController-Weights-array" count="65">
              <param type="float">
              </param>
            </accessor>
          </technique_common>
        </source>
        <joints>
          <input semantic="JOINT" source="#meshController-Joints">
          </input>
          <input semantic="INV_BIND_MATRIX" source="#meshController-Matrices">
          </input>
        </joints>
        <vertex_weights count="16">
          <input semantic="JOINT" offset="0" source="#meshController-Joints">
          </input>
          <input semantic="WEIGHT" offset="1" source="#meshController-Weights">
          </input>
          <vcount>4 4 4 4 4 4 4 4 4 4 4 4 4 4 4 4</vcount>
          <v>0 1 1 2 2 3 3 4 0 5 1 6 2 7 3 8 0 9 1 10 2 11 3 12 0 13 1 14 2 15 3 16 0 17 1 18 2 19 3 20 0 21 1 22 2 23 3 24 0 25 1 26 2 27 3 28 0 29 1 30 2 31 3 32 0 33 1 34 2 35 3 36 0 37 1 38 2 39 3 40 0 41 1 42 2 43 3 44 0 45 1 46 2 47 3 48 0 49 1 50 2 51 3 52 0 53 1 54 2 55 3 56 0 57 1 58 2 59 3 60 0 61 1 62 2 63 3 64</v>
        </vertex_weights>
      </skin>
    </controller>
  </library_controllers>
  <library_animations>
    <animation id="joint1-anim" name="joint1">
      <animation>
        <source id="joint1-Matrix-animation-input">
          <float_array id="joint1-Matrix-animation-input-array" count="30">

0.033333 0.066667 0.100000 0.133333 0.166667 0.200000 0.233333 0.266667 0.300000 0.333333 0.366667 0.400000 0.433333 0.466667 0.500000 0.533333
0.566667 0.600000 0.633333 0.666667 0.700000 0.733333 0.766667 0.800000 0.833333 0.866667 0.900000 0.933333 0.966667 1.000000</float_array>
          <technique_common>
            <accessor source="#joint1-Matrix-animation-input-array" count="30">
              <param name="TIME" type="float">
              </param>
            </accessor>
          </technique_common>
        </source>
        <source id="joint1-Matrix-animation-output-transform">
          <float_array id="joint1-Matrix-animation-output-transform-array" count="480">

-1.000000 0.000000 0.000000 0.000000 0.000000 1.000000 0.000000 0.000000 -0.000000 0.000000 -1.000000 0.000000 0.000000 0.000000 0.000000 1.000000
-0.999993 0.003712 0.000000 0.000000 0.003712 0.999993 -0.000000 0.000000 -0.000000 0.000000 -1.000000 0.000000 0.000000 0.000000 0.000000 1.000000
-0.999895 0.014499 0.000000 0.000000 0.014499 0.999895 -0.000000 0.000000 -0.000000 -0.000000 -1.000000 0.000000 0.000000 0.000000 0.000000 1.000000
-0.999493 0.031833 0.000000 0.000000 0.031833 0.999493 -0.000000 0.000000 -0.000000 0.000000 -1.000000 0.000000 0.000000 0.000000 0.000000 1.000000
-0.998477 0.055175 0.000000 0.000000 0.055175 0.998477 -0.000000 0.000000 -0.000000 0.000000 -1.000000 0.000000 0.000000 0.000000 0.000000 1.000000
-0.996468 0.083972 0.000000 0.000000 0.083972 0.996468 -0.000000 0.000000 -0.000000 0.000000 -1.000000 0.000000 0.000000 0.000000 0.000000 1.000000
-0.993056 0.117645 0.000000 0.000000 0.117645 0.993056 -0.000000 0.000000 -0.000000 0.000000 -1.000000 0.000000 0.000000 0.000000 0.000000 1.000000
-0.987822 0.155586 0.000000 0.000000 0.155586 0.987822 -0.000000 0.000000 -0.000000 -0.000000 -1.000000 0.000000 0.000000 0.000000 0.000000 1.000000
-0.980373 0.197152 0.000000 0.000000 0.197152 0.980373 -0.000000 0.000000 -0.000000 0.000000 -1.000000 0.000000 0.000000 0.000000 0.000000 1.000000
-0.970357 0.241675 0.000000 0.000000 0.241675 0.970357 -0.000000 0.000000 -0.000000 0.000000 -1.000000 0.000000 0.000000 0.000000 0.000000 1.000000
-0.957494 0.288455 0.000000 0.000000 0.288455 0.957494 -0.000000 0.000000 -0.000000 0.000000 -1.000000 0.000000 0.000000 0.000000 0.000000 1.000000
-0.941584 0.336777 0.000000 0.000000 0.336777 0.941584 -0.000000 0.000000 -0.000000 0.000000 -1.000000 0.000000 0.000000 0.000000 0.000000 1.000000
-0.922532 0.385921 0.000000 0.000000 0.385921 0.922532 -0.000000 0.000000 -0.000000 0.000000 -1.000000 0.000000 0.000000 0.000000 0.000000 1.000000
-0.900347 0.435173 0.000000 0.000000 0.435173 0.900347 -0.000000 0.000000 -0.000000 -0.000000 -1.000000 0.000000 0.000000 0.000000 0.000000 1.000000
-0.875155 0.483843 0.000000 0.000000 0.483843 0.875155 -0.000000 0.000000 -0.000000 0.000000 -1.000000 0.000000 0.000000 0.000000 0.000000 1.000000
-0.847195 0.531282 0.000000 0.000000 0.531282 0.847195 -0.000000 0.000000 -0.000000 0.000000 -1.000000 0.000000 0.000000 0.000000 0.000000 1.000000
-0.816818 0.576895 0.000000 0.000000 0.576895 0.816818 -0.000000 0.000000 -0.000000 0.000000 -1.000000 0.000000 0.000000 0.000000 0.000000 1.000000
-0.784475 0.620160 0.000000 0.000000 0.620160 0.784475 -0.000000 0.000000 -0.000000 0.000000 -1.000000 0.000000 0.000000 0.000000 0.000000 1.000000
-0.750709 0.660633 0.000000 0.000000 0.660633 0.750709 -0.000000 0.000000 -0.000000 0.000000 -1.000000 0.000000 0.000000 0.000000 0.000000 1.000000
-0.716140 0.697957 0.000000 0.000000 0.697957 0.716140 -0.000000 0.000000 -0.000000 0.000000 -1.000000 0.000000 0.000000 0.000000 0.000000 1.000000
-0.681444 0.731870 0.000000 0.000000 0.731870 0.681444 -0.000000 0.000000 -0.000000 -0.000000 -1.000000 0.000000 0.000000 0.000000 0.000000 1.000000
-0.647345 0.762197 0.000000 0.000000 0.762197 0.647345 -0.000000 0.000000 -0.000000 0.000000 -1.000000 0.000000 0.000000 0.000000 0.000000 1.000000
-0.614588 0.788848 0.000000 0.000000 0.788848 0.614588 -0.000000 0.000000 -0.000000 0.000000 -1.000000 0.000000 0.000000 0.000000 0.000000 1.000000
-0.583930 0.811804 0.000000 0.000000 0.811804 0.583930 -0.000000 0.000000 -0.000000 -0.000000 -1.000000 0.000000 0.000000 0.000000 0.000000 1.000000
-0.556124 0.831099 0.000000 0.000000 0.831099 0.556124 -0.000000 0.000000 -0.000000 0.000000 -1.000000 0.000000 0.000000 0.000000 0.000000 1.000000
-0.531903 0.846805 0.000000 0.000000 0.846805 0.531903 -0.000000 0.000000 -0.000000 -0.000000 -1.000000 0.000000 0.000000 0.000000 0.000000 1.000000
-0.511974 0.859001 0.000000 0.000000 0.859001 0.511974 -0.000000 0.000000 -0.000000 -0.000000 -1.000000 0.000000 0.000000 0.000000 0.000000 1.000000
-0.497004 0.867748 0.000000 0.000000 0.867748 0.497004 -0.000000 0.000000 -0.000000 -0.000000 -1.000000 0.000000 0.000000 0.000000 0.000000 1.000000
-0.487615 0.873059 0.000000 0.000000 0.873059 0.487615 -0.000000 0.000000 -0.000000 0.000000 -1.000000 0.000000 0.000000 0.000000 0.000000 1.000000
-0.484370 0.874863 0.000000 0.000000 0.874863 0.484370 -0.000000 0.000000 -0.000000 -0.000000 -1.000000 0.000000 0.000000 0.000000 0.000000 1.000000</float_array>
          <technique_common>
            <accessor source="#joint1-Matrix-animation-output-transform-array" count="30" stride="16">
              <param type="float4x4">
              </param>
            </accessor>
          </technique_common>
        </source>
        <source id="joint1-Interpolations">
          <Name_array id="joint1-Interpolations-array" count="30">
 LINEAR LINEAR LINEAR LINEAR LINEAR LINEAR LINEAR LINEAR LINEAR LINEAR LINEAR
LINEAR LINEAR LINEAR LINEAR LINEAR LINEAR LINEAR LINEAR LINEAR LINEAR LINEAR LINEAR
LINEAR LINEAR LINEAR LINEAR LINEAR LINEAR LINEAR</Name_array>
          <technique_common>
            <accessor source="#joint1-Interpolations-array" count="30">
              <param type="name">
              </param>
            </accessor>
          </technique_common>
        </source>
        <sampler id="joint1-Matrix-animation-transform">
          <input semantic="INPUT" source="#joint1-Matrix-animation-input">
          </input>
          <input semantic="OUTPUT" source="#joint1-Matrix-animation-output-transform">
          </input>
          <input semantic="INTERPOLATION" source="#joint1-Interpolations">
          </input>
        </sampler>
        <channel source="#joint1-Matrix-animation-transform" target="joint1/matrix">
        </channel>
      </animation>
      <animation>
        <source id="joint1-visibility-animation-input">
          <float_array id="joint1-visibility-animation-input-array" count="2">

0.033333 1.000000</float_array>
          <technique_common>
            <accessor source="#joint1-visibility-animation-input-array" count="2">
              <param name="TIME" type="float">
              </param>
            </accessor>
          </technique_common>
        </source>
        <source id="joint1-visibility-animation-output">
          <float_array id="joint1-visibility-animation-output-array" count="2">

1.000000 1.000000</float_array>
          <technique_common>
            <accessor source="#joint1-visibility-animation-output-array" count="2">
              <param type="float">
              </param>
            </accessor>
          </technique_common>
        </source>
        <source id="joint1-visibility-animation-intan">
          <float_array id="joint1-visibility-animation-intan-array" count="2">

0.000000 0.000000</float_array>
          <technique_common>
            <accessor source="#joint1-visibility-animation-intan-array" count="2">
              <param type="float">
              </param>
            </accessor>
          </technique_common>
        </source>
        <source id="joint1-visibility-animation-outtan">
          <float_array id="joint1-visibility-animation-outtan-array" count="2">

0.000000 0.000000</float_array>
          <technique_common>
            <accessor source="#joint1-visibility-animation-outtan-array" count="2">
              <param type="float">
              </param>
            </accessor>
          </technique_common>
        </source>
        <source id="joint1-visibility-animation-interpolation">
          <Name_array id="joint1-visibility-animation-interpolation-array" count="2">
 STEP STEP</Name_array>
          <technique_common>
            <accessor source="#joint1-visibility-animation-interpolation-array" count="2">
              <param type="name">
              </param>
            </accessor>
          </technique_common>
        </source>
        <sampler id="joint1-visibility-animation">
          <input semantic="INPUT" source="#joint1-visibility-animation-input">
          </input>
          <input semantic="OUTPUT" source="#joint1-visibility-animation-output">
          </input>
          <input semantic="IN_TANGENT" source="#joint1-visibility-animation-intan">
          </input>
          <input semantic="OUT_TANGENT" source="#joint1-visibility-animation-outtan">
          </input>
          <input semantic="INTERPOLATION" source="#joint1-visibility-animation-interpolation">
          </input>
        </sampler>
        <channel source="#joint1-visibility-animation" target="joint1/visibility">
        </channel>
      </animation>
    </animation>
    <animation id="joint2-anim" name="joint2">
      <animation>
        <source id="joint2-Matrix-animation-input">
          <float_array id="joint2-Matrix-animation-input-array" count="30">

0.033333 0.066667 0.100000 0.133333 0.166667 0.200000 0.233333 0.266667 0.300000 0.333333 0.366667 0.400000 0.433333 0.466667 0.500000 0.533333
0.566667 0.600000 0.633333 0.666667 0.700000 0.733333 0.766667 0.800000 0.833333 0.866667 0.900000 0.933333 0.966667 1.000000</float_array>
          <technique_common>
            <accessor source="#joint2-Matrix-animation-input-array" count="30">
              <param name="TIME" type="float">
              </param>
            </accessor>
          </technique_common>
        </source>
        <source id="joint2-Matrix-animation-output-transform">
          <float_array id="joint2-Matrix-animation-output-transform-array" count="480">

1.000000 0.000000 0.000000 1.000000 -0.000000 1.000000 0.000000 0.000000 0.000000 -0.000000 1.000000 -0.000000 0.000000 0.000000 0.000000 1.000000
0.999992 -0.003925 0.000000 1.000000 0.003925 0.999992 -0.000000 0.000000 -0.000000 0.000000 1.000000 -0.000000 0.000000 0.000000 0.000000 1.000000
0.999882 -0.015330 0.000000 1.000000 0.015330 0.999882 -0.000000 -0.000000 0.000000 -0.000000 1.000000 -0.000000 0.000000 0.000000 0.000000 1.000000
0.999433 -0.033657 0.000000 1.000000 0.033657 0.999433 -0.000000 0.000000 -0.000000 0.000000 1.000000 -0.000000 0.000000 0.000000 0.000000 1.000000
0.998297 -0.058335 -0.000000 1.000000 0.058335 0.998297 0.000000 -0.000000 -0.000000 0.000000 1.000000 -0.000000 0.000000 0.000000 0.000000 1.000000
0.996052 -0.088774 0.000000 1.000000 0.088774 0.996052 0.000000 0.000000 -0.000000 -0.000000 1.000000 -0.000000 0.000000 0.000000 0.000000 1.000000
0.992238 -0.124355 -0.000000 1.000000 0.124355 0.992238 -0.000000 0.000000 0.000000 0.000000 1.000000 -0.000000 0.000000 0.000000 0.000000 1.000000
0.986390 -0.164425 0.000000 1.000000 0.164425 0.986390 0.000000 -0.000000 0.000000 -0.000000 1.000000 -0.000000 0.000000 0.000000 0.000000 1.000000
0.978067 -0.208292 0.000000 1.000000 0.208292 0.978067 -0.000000 0.000000 0.000000 0.000000 1.000000 -0.000000 0.000000 0.000000 0.000000 1.000000
0.966881 -0.255228 0.000000 1.000000 0.255228 0.966881 -0.000000 0.000000 0.000000 0.000000 1.000000 -0.000000 0.000000 0.000000 0.000000 1.000000
0.952521 -0.304474 -0.000000 1.000000 0.304474 0.952521 -0.000000 0.000000 -0.000000 -0.000000 1.000000 -0.000000 0.000000 0.000000 0.000000 1.000000
0.934771 -0.355250 0.000000 1.000000 0.355250 0.934771 -0.000000 0.000000 -0.000000 -0.000000 1.000000 -0.000000 0.000000 0.000000 0.000000 1.000000
0.913530 -0.406772 0.000000 1.000000 0.406772 0.913530 0.000000 0.000000 0.000000 0.000000 1.000000 -0.000000 0.000000 0.000000 0.000000 1.000000
0.888817 -0.458262 -0.000000 1.000000 0.458262 0.888817 0.000000 -0.000000 -0.000000 0.000000 1.000000 -0.000000 0.000000 0.000000 0.000000 1.000000
0.860783 -0.508973 0.000000 1.000000 0.508973 0.860783 -0.000000 0.000000 -0.000000 0.000000 1.000000 -0.000000 0.000000 0.000000 0.000000 1.000000
0.829704 -0.558204 0.000000 1.000000 0.558204 0.829704 -0.000000 0.000000 -0.000000 0.000000 1.000000 -0.000000 0.000000 0.000000 0.000000 1.000000
0.795980 -0.605323 0.000000 1.000000 0.605323 0.795980 -0.000000 0.000000 0.000000 0.000000 1.000000 -0.000000 0.000000 0.000000 0.000000 1.000000
0.760124 -0.649778 -0.000000 1.000000 0.649778 0.760124 -0.000000 -0.000000 0.000000 0.000000 1.000000 -0.000000 0.000000 0.000000 0.000000 1.000000
0.722746 -0.691113 -0.000000 1.000000 0.691113 0.722746 -0.000000 0.000000 0.000000 0.000000 1.000000 -0.000000 0.000000 0.000000 0.000000 1.000000
0.684539 -0.728976 0.000000 1.000000 0.728976 0.684539 0.000000 0.000000 0.000000 0.000000 1.000000 -0.000000 0.000000 0.000000 0.000000 1.000000
0.646257 -0.763120 0.000000 1.000000 0.763120 0.646257 -0.000000 -0.000000 0.000000 0.000000 1.000000 -0.000000 0.000000 0.000000 0.000000 1.000000
0.608695 -0.793405 0.000000 1.000000 0.793405 0.608695 0.000000 0.000000 0.000000 0.000000 1.000000 -0.000000 0.000000 0.000000 0.000000 1.000000
0.572671 -0.819785 0.000000 1.000000 0.819785 0.572671 0.000000 0.000000 -0.000000 0.000000 1.000000 -0.000000 0.000000 0.000000 0.000000 1.000000
0.539012 -0.842298 -0.000000 1.000000 0.842298 0.539012 0.000000 0.000000 -0.000000 0.000000 1.000000 -0.000000 0.000000 0.000000 0.000000 1.000000
0.508530 -0.861044 0.000000 1.000000 0.861044 0.508530 -0.000000 0.000000 -0.000000 0.000000 1.000000 -0.000000 0.000000 0.000000 0.000000 1.000000
0.482015 -0.876163 -0.000000 1.000000 0.876163 0.482015 0.000000 -0.000000 -0.000000 -0.000000 1.000000 -0.000000 0.000000 0.000000 0.000000 1.000000
0.460225 -0.887802 0.000000 1.000000 0.887802 0.460225 0.000000 -0.000000 0.000000 0.000000 1.000000 -0.000000 0.000000 0.000000 0.000000 1.000000
0.443873 -0.896090 0.000000 1.000000 0.896090 0.443873 0.000000 -0.000000 -0.000000 0.000000 1.000000 -0.000000 0.000000 0.000000 0.000000 1.000000
0.433624 -0.901094 0.000000 1.000000 0.901094 0.433624 -0.000000 0.000000 -0.000000 -0.000000 1.000000 -0.000000 0.000000 0.000000 0.000000 1.000000
0.430084 -0.902789 0.000000 1.000000 0.902789 0.430084 0.000000 -0.000000 0.000000 0.000000 1.000000 0.000000 0.000000 0.000000 0.000000 1.000000</float_array>
          <technique_common>
            <accessor source="#joint2-Matrix-animation-output-transform-array" count="30" stride="16">
              <param type="float4x4">
              </param>
            </accessor>
          </technique_common>
        </source>
        <source id="joint2-Interpolations">
          <Name_array id="joint2-Interpolations-array" count="30">
 LINEAR LINEAR LINEAR LINEAR LINEAR LINEAR LINEAR LINEAR LINEAR LINEAR LINEAR
LINEAR LINEAR LINEAR LINEAR LINEAR LINEAR LINEAR LINEAR LINEAR LINEAR LINEAR LINEAR
LINEAR LINEAR LINEAR LINEAR LINEAR LINEAR LINEAR</Name_array>
          <technique_common>
            <accessor source="#joint2-Interpolations-array" count="30">
              <param type="name">
              </param>
            </accessor>
          </technique_common>
        </source>
        <sampler id="joint2-Matrix-animation-transform">
          <input semantic="INPUT" source="#joint2-Matrix-animation-input">
          </input>
          <input semantic="OUTPUT" source="#joint2-Matrix-animation-output-transform">
          </input>
          <input semantic="INTERPOLATION" source="#joint2-Interpolations">
          </input>
        </sampler>
        <channel source="#joint2-Matrix-animation-transform" target="joint2/matrix">
        </channel>
      </animation>
      <animation>
        <source id="joint2-visibility-animation-input">
          <float_array id="joint2-visibility-animation-input-array" count="2">

0.033333 1.000000</float_array>
          <technique_common>
            <accessor source="#joint2-visibility-animation-input-array" count="2">
              <param name="TIME" type="float">
              </param>
            </accessor>
          </technique_common>
        </source>
        <source id="joint2-visibility-animation-output">
          <float_array id="joint2-visibility-animation-output-array" count="2">

1.000000 1.000000</float_array>
          <technique_common>
            <accessor source="#joint2-visibility-animation-output-array" count="2">
              <param type="float">
              </param>
            </accessor>
          </technique_common>
        </source>
        <source id="joint2-visibility-animation-intan">
          <float_array id="joint2-visibility-animation-intan-array" count="2">

0.000000 0.000000</float_array>
          <technique_common>
            <accessor source="#joint2-visibility-animation-intan-array" count="2">
              <param type="float">
              </param>
            </accessor>
          </technique_common>
        </source>
        <source id="joint2-visibility-animation-outtan">
          <float_array id="joint2-visibility-animation-outtan-array" count="2">

0.000000 0.000000</float_array>
          <technique_common>
            <accessor source="#joint2-visibility-animation-outtan-array" count="2">
              <param type="float">
              </param>
            </accessor>
          </technique_common>
        </source>
        <source id="joint2-visibility-animation-interpolation">
          <Name_array id="joint2-visibility-animation-interpolation-array" count="2">
 STEP STEP</Name_array>
          <technique_common>
            <accessor source="#joint2-visibility-animation-interpolation-array" count="2">
              <param type="name">
              </param>
            </accessor>
          </technique_common>
        </source>
        <sampler id="joint2-visibility-animation">
          <input semantic="INPUT" source="#joint2-visibility-animation-input">
          </input>
          <input semantic="OUTPUT" source="#joint2-visibility-animation-output">
          </input>
          <input semantic="IN_TANGENT" source="#joint2-visibility-animation-intan">
          </input>
          <input semantic="OUT_TANGENT" source="#joint2-visibility-animation-outtan">
          </input>
          <input semantic="INTERPOLATION" source="#joint2-visibility-animation-interpolation">
          </input>
        </sampler>
        <channel source="#joint2-visibility-animation" target="joint2/visibility">
        </channel>
      </animation>
    </animation>
    <animation id="joint3-anim" name="joint3">
      <animation>
        <source id="joint3-Matrix-animation-input">
          <float_array id="joint3-Matrix-animation-input-array" count="30">

0.033333 0.066667 0.100000 0.133333 0.166667 0.200000 0.233333 0.266667 0.300000 0.333333 0.366667 0.400000 0.433333 0.466667 0.500000 0.533333
0.566667 0.600000 0.633333 0.666667 0.700000 0.733333 0.766667 0.800000 0.833333 0.866667 0.900000 0.933333 0.966667 1.000000</float_array>
          <technique_common>
            <accessor source="#joint3-Matrix-animation-input-array" count="30">
              <param name="TIME" type="float">
              </param>
            </accessor>
          </technique_common>
        </source>
        <source id="joint3-Matrix-animation-output-transform">
          <float_array id="joint3-Matrix-animation-output-transform-array" count="480">

-1.000000 0.000000 0.000000 1.000000 -0.000000 1.000000 0.000000 0.000000 -0.000000 0.000000 -1.000000 -0.000000 0.000000 0.000000 0.000000 1.000000
-0.999997 -0.002464 0.000000 1.000000 -0.002464 0.999997 0.000000 0.000000 -0.000000 -0.000000 -1.000000 -0.000000 0.000000 0.000000 0.000000 1.000000
-0.999954 -0.009625 0.000000 1.000000 -0.009625 0.999954 0.000000 0.000000 -0.000000 0.000000 -1.000000 -0.000000 0.000000 0.000000 0.000000 1.000000
-0.999777 -0.021132 0.000000 1.000000 -0.021132 0.999777 0.000000 0.000000 -0.000000 0.000000 -1.000000 -0.000000 0.000000 0.000000 0.000000 1.000000
-0.999329 -0.036635 0.000000 1.000000 -0.036635 0.999329 0.000000 -0.000000 -0.000000 -0.000000 -1.000000 -0.000000 0.000000 0.000000 0.000000 1.000000
-0.998443 -0.055777 0.000000 1.000000 -0.055777 0.998443 0.000000 0.000000 -0.000000 0.000000 -1.000000 -0.000000 0.000000 0.000000 0.000000 1.000000
-0.996938 -0.078193 0.000000 1.000000 -0.078193 0.996938 0.000000 0.000000 -0.000000 -0.000000 -1.000000 -0.000000 0.000000 0.000000 0.000000 1.000000
-0.994628 -0.103512 0.000000 1.000000 -0.103512 0.994628 0.000000 -0.000000 -0.000000 0.000000 -1.000000 -0.000000 0.000000 0.000000 0.000000 1.000000
-0.991336 -0.131350 0.000000 1.000000 -0.131350 0.991336 0.000000 0.000000 -0.000000 0.000000 -1.000000 -0.000000 0.000000 0.000000 0.000000 1.000000
-0.986903 -0.161318 0.000000 1.000000 -0.161318 0.986903 0.000000 0.000000 -0.000000 -0.000000 -1.000000 -0.000000 0.000000 0.000000 0.000000 1.000000
-0.981196 -0.193015 0.000000 1.000000 -0.193015 0.981196 0.000000 -0.000000 -0.000000 0.000000 -1.000000 -0.000000 0.000000 0.000000 0.000000 1.000000
-0.974119 -0.226037 0.000000 1.000000 -0.226037 0.974119 0.000000 0.000000 -0.000000 0.000000 -1.000000 -0.000000 0.000000 0.000000 0.000000 1.000000
-0.965615 -0.259977 0.000000 1.000000 -0.259977 0.965615 0.000000 0.000000 -0.000000 0.000000 -1.000000 -0.000000 0.000000 0.000000 0.000000 1.000000
-0.955673 -0.294430 0.000000 1.000000 -0.294430 0.955673 0.000000 -0.000000 -0.000000 0.000000 -1.000000 -0.000000 0.000000 0.000000 0.000000 1.000000
-0.944331 -0.328997 0.000000 1.000000 -0.328997 0.944331 0.000000 0.000000 -0.000000 -0.000000 -1.000000 -0.000000 0.000000 0.000000 0.000000 1.000000
-0.931676 -0.363291 0.000000 1.000000 -0.363291 0.931676 0.000000 0.000000 -0.000000 0.000000 -1.000000 -0.000000 0.000000 0.000000 0.000000 1.000000
-0.917845 -0.396940 0.000000 1.000000 -0.396940 0.917845 0.000000 -0.000000 -0.000000 0.000000 -1.000000 -0.000000 0.000000 0.000000 0.000000 1.000000
-0.903023 -0.429592 0.000000 1.000000 -0.429592 0.903023 0.000000 -0.000000 -0.000000 0.000000 -1.000000 -0.000000 0.000000 0.000000 0.000000 1.000000
-0.887441 -0.460921 0.000000 1.000000 -0.460921 0.887441 0.000000 0.000000 -0.000000 0.000000 -1.000000 -0.000000 0.000000 0.000000 0.000000 1.000000
-0.871371 -0.490624 0.000000 1.000000 -0.490624 0.871371 0.000000 0.000000 -0.000000 0.000000 -1.000000 -0.000000 0.000000 0.000000 0.000000 1.000000
-0.855120 -0.518430 0.000000 1.000000 -0.518430 0.855120 0.000000 0.000000 -0.000000 -0.000000 -1.000000 -0.000000 0.000000 0.000000 0.000000 1.000000
-0.839024 -0.544094 0.000000 1.000000 -0.544094 0.839024 0.000000 0.000000 -0.000000 -0.000000 -1.000000 -0.000000 0.000000 0.000000 0.000000 1.000000
-0.823444 -0.567398 0.000000 1.000000 -0.567398 0.823444 0.000000 0.000000 -0.000000 0.000000 -1.000000 -0.000000 0.000000 0.000000 0.000000 1.000000
-0.808754 -0.588148 0.000000 1.000000 -0.588148 0.808754 0.000000 0.000000 -0.000000 0.000000 -1.000000 -0.000000 0.000000 0.000000 0.000000 1.000000
-0.795337 -0.606168 0.000000 1.000000 -0.606168 0.795337 0.000000 0.000000 -0.000000 0.000000 -1.000000 -0.000000 0.000000 0.000000 0.000000 1.000000
-0.783576 -0.621296 0.000000 1.000000 -0.621296 0.783576 0.000000 0.000000 -0.000000 0.000000 -1.000000 -0.000000 0.000000 0.000000 0.000000 1.000000
-0.773846 -0.633374 0.000000 1.000000 -0.633374 0.773846 0.000000 0.000000 -0.000000 0.000000 -1.000000 -0.000000 0.000000 0.000000 0.000000 1.000000
-0.766505 -0.642238 0.000000 1.000000 -0.642238 0.766505 0.000000 0.000000 -0.000000 0.000000 -1.000000 -0.000000 0.000000 0.000000 0.000000 1.000000
-0.761887 -0.647710 0.000000 1.000000 -0.647710 0.761887 0.000000 0.000000 -0.000000 0.000000 -1.000000 -0.000000 0.000000 0.000000 0.000000 1.000000
-0.760288 -0.649586 0.000000 1.000000 -0.649586 0.760288 0.000000 0.000000 -0.000000 0.000000 -1.000000 0.000000 0.000000 0.000000 0.000000 1.000000</float_array>
          <technique_common>
            <accessor source="#joint3-Matrix-animation-output-transform-array" count="30" stride="16">
              <param type="float4x4">
              </param>
            </accessor>
          </technique_common>
        </source>
        <source id="joint3-Interpolations">
          <Name_array id="joint3-Interpolations-array" count="30">
 LINEAR LINEAR LINEAR LINEAR LINEAR LINEAR LINEAR LINEAR LINEAR LINEAR LINEAR
LINEAR LINEAR LINEAR LINEAR LINEAR LINEAR LINEAR LINEAR LINEAR LINEAR LINEAR LINEAR
LINEAR LINEAR LINEAR LINEAR LINEAR LINEAR LINEAR</Name_array>
          <technique_common>
            <accessor source="#joint3-Interpolations-array" count="30">
              <param type="name">
              </param>
            </accessor>
          </technique_common>
        </source>
        <sampler id="joint3-Matrix-animation-transform">
          <input semantic="INPUT" source="#joint3-Matrix-animation-input">
          </input>
          <input semantic="OUTPUT" source="#joint3-Matrix-animation-output-transform">
          </input>
          <input semantic="INTERPOLATION" source="#joint3-Interpolations">
          </input>
        </sampler>
        <channel source="#joint3-Matrix-animation-transform" target="joint3/matrix">
        </channel>
      </animation>
      <animation>
        <source id="joint3-visibility-animation-input">
          <float_array id="joint3-visibility-animation-input-array" count="2">

0.033333 1.000000</float_array>
          <technique_common>
            <accessor source="#joint3-visibility-animation-input-array" count="2">
              <param name="TIME" type="float">
              </param>
            </accessor>
          </technique_common>
        </source>
        <source id="joint3-visibility-animation-output">
          <float_array id="joint3-visibility-animation-output-array" count="2">

1.000000 1.000000</float_array>
          <technique_common>
            <accessor source="#joint3-visibility-animation-output-array" count="2">
              <param type="float">
              </param>
            </accessor>
          </technique_common>
        </source>
        <source id="joint3-visibility-animation-intan">
          <float_array id="joint3-visibility-animation-intan-array" count="2">

0.000000 0.000000</float_array>
          <technique_common>
            <accessor source="#joint3-visibility-animation-intan-array" count="2">
              <param type="float">
              </param>
            </accessor>
          </technique_common>
        </source>
        <source id="joint3-visibility-animation-outtan">
          <float_array id="joint3-visibility-animation-outtan-array" count="2">

0.000000 0.000000</float_array>
          <technique_common>
            <accessor source="#joint3-visibility-animation-outtan-array" count="2">
              <param type="float">
              </param>
            </accessor>
          </technique_common>
        </source>
        <source id="joint3-visibility-animation-interpolation">
          <Name_array id="joint3-visibility-animation-interpolation-array" count="2">
 STEP STEP</Name_array>
          <technique_common>
            <accessor source="#joint3-visibility-animation-interpolation-array" count="2">
              <param type="name">
              </param>
            </accessor>
          </technique_common>
        </source>
        <sampler id="joint3-visibility-animation">
          <input semantic="INPUT" source="#joint3-visibility-animation-input">
          </input>
          <input semantic="OUTPUT" source="#joint3-visibility-animation-output">
          </input>
          <input semantic="IN_TANGENT" source="#joint3-visibility-animation-intan">
          </input>
          <input semantic="OUT_TANGENT" source="#joint3-visibility-animation-outtan">
          </input>
          <input semantic="INTERPOLATION" source="#joint3-visibility-animation-interpolation">
          </input>
        </sampler>
        <channel source="#joint3-visibility-animation" target="joint3/visibility">
        </channel>
      </animation>
    </animation>
    <animation id="joint4-anim" name="joint4">
      <animation>
        <source id="joint4-Matrix-animation-input">
          <float_array id="joint4-Matrix-animation-input-array" count="30">

0.033333 0.066667 0.100000 0.133333 0.166667 0.200000 0.233333 0.266667 0.300000 0.333333 0.366667 0.400000 0.433333 0.466667 0.500000 0.533333
