<?xml version="1.0" encoding="utf-8"?>
<COLLADA xmlns="http://www.collada.org/2005/11/COLLADASchema" version="1.4.1">
  <asset>
    <contributor>
      <author>
      </author>
      <authoring_tool>FBX COLLADA exporter</authoring_tool>
      <comments>
      </comments>
    </contributor>
    <created>2021-04-14T06:56:07Z</created>
    <keywords>
    </keywords>
    <modified>2021-04-14T06:56:07Z</modified>
    <revision>
    </revision>
    <subject>
    </subject>
    <title>
    </title>
    <unit meter="0.010000" name="centimeter">
    </unit>
    <up_axis>Y_UP</up_axis>
  </asset>
  <library_animations>
    <animation id="root-anim" name="root">
      <animation>
        <source id="root-Matrix-animation-input">
          <float_array id="root-Matrix-animation-input-array" count="32">

0.033333 0.066666 0.100000 0.133333 0.166666 0.200000 0.233333 0.266666 0.300000 0.333333 0.366666 0.400000 0.433333 0.466666 0.500000 0.533333
0.566666 0.600000 0.633333 0.666666 0.700000 0.733333 0.766666 0.800000 0.833333 0.866666 0.900000 0.933333 0.966666 1.000000 1.033333 1.066666</float_array>
          <technique_common>
            <accessor source="#root-Matrix-animation-input-array" count="32">
              <param name="TIME" type="float">
              </param>
            </accessor>
          </technique_common>
        </source>
        <source id="root-Matrix-animation-output-transform">
          <float_array id="root-Matrix-animation-output-transform-array" count="512">

0.079634 0.000003 0.996824 0.000000 0.092330 0.995701 -0.007379 6.843260 -0.992539 0.092624 0.079291 -0.145007 0.000000 0.000000 0.000000 1.000000
0.078079 0.000003 0.996947 -0.022668 0.092341 0.995701 -0.007235 6.850292 -0.992661 0.092624 0.077743 -0.103463 0.000000 0.000000 0.000000 1.000000
0.071961 0.000003 0.997407 -0.104316 0.092384 0.995701 -0.006669 6.887002 -0.993120 0.092624 0.071651 0.034779 0.000000 0.000000 0.000000 1.000000
0.062640 0.000006 0.998036 -0.210446 0.092442 0.995701 -0.005808 6.964745 -0.993746 0.092624 0.062370 0.184383 0.000000 0.000000 0.000000 1.000000
0.051668 -0.000004 0.998664 -0.303645 0.092501 0.995701 -0.004781 7.094207 -0.994371 0.092624 0.051446 0.254450 0.000000 0.000000 0.000000 1.000000
0.038453 -0.000005 0.999260 -0.388027 0.092556 0.995701 -0.003557 7.344657 -0.994965 0.092624 0.038288 0.209984 0.000000 0.000000 0.000000 1.000000
0.022696 -0.000006 0.999742 -0.475325 0.092600 0.995701 -0.002097 7.680732 -0.995445 0.092624 0.022599 0.111410 0.000000 0.000000 0.000000 1.000000
0.006394 -0.000005 0.999980 -0.539571 0.092622 0.995701 -0.000587 7.956144 -0.995681 0.092624 0.006367 0.010973 0.000000 0.000000 0.000000 1.000000
-0.008576 -0.000001 0.999963 -0.555728 0.092621 0.995701 0.000795 8.032001 -0.995665 0.092624 -0.008539 -0.041281 0.000000 0.000000 0.000000 1.000000
-0.023156 -0.000005 0.999732 -0.528040 0.092599 0.995701 0.002150 7.969387 -0.995434 0.092624 -0.023056 -0.057740 0.000000 0.000000 0.000000 1.000000
-0.037272 0.000004 0.999305 -0.473143 0.092560 0.995701 0.003449 7.846612 -0.995009 0.092624 -0.037112 -0.063005 0.000000 0.000000 0.000000 1.000000
-0.049829 0.000002 0.998758 -0.402883 0.092509 0.995701 0.004614 7.692140 -0.994464 0.092624 -0.049615 -0.067861 0.000000 0.000000 0.000000 1.000000
-0.060107 -0.000002 0.998192 -0.324796 0.092457 0.995701 0.005570 7.514890 -0.993901 0.092625 -0.059848 -0.082530 0.000000 0.000000 0.000000 1.000000
-0.069165 0.000001 0.997605 -0.226548 0.092402 0.995701 0.006405 7.255553 -0.993317 0.092624 -0.068868 -0.106655 0.000000 0.000000 0.000000 1.000000
-0.076065 0.000001 0.997103 -0.119985 0.092356 0.995701 0.007044 6.998408 -0.992816 0.092624 -0.075738 -0.130575 0.000000 0.000000 0.000000 1.000000
-0.079485 0.000005 0.996836 -0.021460 0.092331 0.995701 0.007358 6.850582 -0.992551 0.092624 -0.079144 -0.144326 0.000000 0.000000 0.000000 1.000000
-0.077102 0.000007 0.997023 0.058456 0.092349 0.995701 0.007135 6.847566 -0.992737 0.092624 -0.076771 -0.103723 0.000000 0.000000 0.000000 1.000000
-0.067599 -0.000004 0.997713 0.127922 0.092412 0.995701 0.006265 6.875205 -0.993424 0.092624 -0.067308 0.033663 0.000000 0.000000 0.000000 1.000000
-0.054314 -0.000001 0.998524 0.191333 0.092488 0.995701 0.005032 6.943131 -0.994231 0.092625 -0.054080 0.182342 0.000000 0.000000 0.000000 1.000000
-0.040756 -0.000007 0.999169 0.252655 0.092547 0.995701 0.003782 7.067996 -0.994874 0.092624 -0.040580 0.251976 0.000000 0.000000 0.000000 1.000000
-0.026910 -0.000002 0.999638 0.319544 0.092591 0.995701 0.002494 7.323046 -0.995341 0.092625 -0.026794 0.207145 0.000000 0.000000 0.000000 1.000000
-0.011508 -0.000006 0.999934 0.387078 0.092618 0.995701 0.001071 7.668935 -0.995635 0.092624 -0.011458 0.108261 0.000000 0.000000 0.000000 1.000000
0.003815 0.000006 0.999993 0.440360 0.092624 0.995701 -0.000359 7.953418 -0.995694 0.092625 0.003798 0.008753 0.000000 0.000000 0.000000 1.000000
0.017504 0.000008 0.999847 0.465551 0.092610 0.995701 -0.001629 8.032324 -0.995549 0.092624 0.017428 -0.040361 0.000000 0.000000 0.000000 1.000000
0.030102 -0.000004 0.999547 0.475334 0.092582 0.995701 -0.002784 7.976900 -0.995250 0.092624 0.029973 -0.054770 0.000000 0.000000 0.000000 1.000000
0.041797 0.000003 0.999126 0.479731 0.092543 0.995701 -0.003875 7.869131 -0.994831 0.092624 0.041617 -0.059439 0.000000 0.000000 0.000000 1.000000
0.052115 0.000000 0.998641 0.480898 0.092498 0.995701 -0.004827 7.735315 -0.994348 0.092624 0.051891 -0.063609 0.000000 0.000000 0.000000 1.000000
0.060611 0.000002 0.998161 0.467477 0.092454 0.995701 -0.005616 7.594624 -0.993871 0.092624 0.060350 -0.075114 0.000000 0.000000 0.000000 1.000000
0.067295 -0.000002 0.997733 0.377059 0.092414 0.995701 -0.006231 7.427540 -0.993444 0.092624 0.067006 -0.090657 0.000000 0.000000 0.000000 1.000000
0.072603 0.000004 0.997361 0.240466 0.092380 0.995701 -0.006728 7.245565 -0.993073 0.092625 0.072291 -0.107584 0.000000 0.000000 0.000000 1.000000
0.076982 0.000001 0.997032 0.103876 0.092349 0.995701 -0.007131 7.067013 -0.992746 0.092624 0.076651 -0.124194 0.000000 0.000000 0.000000 1.000000
0.079528 -0.000001 0.996833 0.013464 0.092331 0.995701 -0.007365 6.887484 -0.992547 0.092624 0.079186 -0.140894 0.000000 0.000000 0.000000 1.000000</float_array>
          <technique_common>
            <accessor source="#root-Matrix-animation-output-transform-array" count="32" stride="16">
              <param type="float4x4">
              </param>
            </accessor>
          </technique_common>
        </source>
        <source id="root-Interpolations">
          <Name_array id="root-Interpolations-array" count="32">
 LINEAR LINEAR LINEAR LINEAR LINEAR LINEAR LINEAR LINEAR LINEAR LINEAR LINEAR
LINEAR LINEAR LINEAR LINEAR LINEAR LINEAR LINEAR LINEAR LINEAR LINEAR LINEAR LINEAR
LINEAR LINEAR LINEAR LINEAR LINEAR LINEAR LINEAR LINEAR LINEAR</Name_array>
          <technique_common>
            <accessor source="#root-Interpolations-array" count="32">
              <param type="name">
              </param>
            </accessor>
          </technique_common>
        </source>
        <sampler id="root-Matrix-animation-transform">
          <input semantic="INPUT" source="#root-Matrix-animation-input">
          </input>
          <input semantic="OUTPUT" source="#root-Matrix-animation-output-transform">
          </input>
          <input semantic="INTERPOLATION" source="#root-Interpolations">
          </input>
        </sampler>
        <channel source="#root-Matrix-animation-transform" target="root/matrix">
        </channel>
      </animation>
    </animation>
    <animation id="spine01-anim" name="spine01">
      <animation>
        <source id="spine01-Matrix-animation-input">
          <float_array id="spine01-Matrix-animation-input-array" count="32">

0.033333 0.066666 0.100000 0.133333 0.166666 0.200000 0.233333 0.266666 0.300000 0.333333 0.366666 0.400000 0.433333 0.466666 0.500000 0.533333
0.566666 0.600000 0.633333 0.666666 0.700000 0.733333 0.766666 0.800000 0.833333 0.866666 0.900000 0.933333 0.966666 1.000000 1.033333 1.066666</float_array>
          <technique_common>
            <accessor source="#spine01-Matrix-animation-input-array" count="32">
              <param name="TIME" type="float">
              </param>
            </accessor>
          </technique_common>
        </source>
        <source id="spine01-Matrix-animation-output-transform">
          <float_array id="spine01-Matrix-animation-output-transform-array" count="512">

-0.915962 0.375722 0.140877 0.000000 0.371356 0.926732 -0.057115 1.170040 -0.152015 0.000000 -0.988378 0.000000 0.000000 0.000000 0.000000 1.000000
-0.917415 0.372153 0.140900 0.000000 0.367765 0.928171 -0.056984 1.170040 -0.151986 -0.000460 -0.988383 0.000000 0.000000 0.000000 0.000000 1.000000
-0.922246 0.359992 0.140957 0.000000 0.355621 0.932954 -0.055947 1.170040 -0.151647 -0.001470 -0.988434 0.000000 0.000000 0.000000 0.000000 1.000000
-0.927567 0.346305 0.140329 -0.000000 0.341969 0.938118 -0.054700 1.170040 -0.150588 -0.002750 -0.988593 0.000000 0.000000 0.000000 0.000000 1.000000
-0.930651 0.338700 0.138462 0.000000 0.334467 0.940888 -0.053495 1.170040 -0.148396 -0.003474 -0.988922 0.000000 0.000000 0.000000 0.000000 1.000000
-0.932785 0.337156 0.127429 -0.000000 0.333527 0.941442 -0.049466 1.170040 -0.136645 -0.003640 -0.990613 0.000000 0.000000 0.000000 0.000000 1.000000
-0.935996 0.336339 0.103859 0.000000 0.333848 0.941734 -0.041029 1.170040 -0.111607 -0.003730 -0.993745 0.000000 0.000000 0.000000 0.000000 1.000000
-0.938949 0.335993 0.074047 -0.000000 0.334636 0.941857 -0.030401 1.170040 -0.079957 -0.003766 -0.996791 0.000000 0.000000 0.000000 0.000000 1.000000
-0.940805 0.336096 0.043889 0.000000 0.335542 0.941820 -0.019655 1.170040 -0.047941 -0.003765 -0.998843 0.000000 0.000000 0.000000 0.000000 1.000000
-0.940105 0.340764 0.009110 0.000000 0.340709 0.940142 -0.007062 1.170040 -0.010971 -0.003535 -0.999934 0.000000 0.000000 0.000000 0.000000 1.000000
-0.936689 0.349007 -0.028423 0.000000 0.348945 0.937115 0.007290 1.170040 0.029180 -0.003090 -0.999569 0.000000 0.000000 0.000000 0.000000 1.000000
-0.931841 0.357412 -0.062687 -0.000000 0.356788 0.933943 0.021262 1.170040 0.066146 -0.002553 -0.997807 0.000000 0.000000 0.000000 0.000000 1.000000
-0.927348 0.363332 -0.089525 0.000000 0.361860 0.931658 0.032731 1.170040 0.095299 -0.002043 -0.995447 0.000000 0.000000 0.000000 0.000000 1.000000
-0.922599 0.368747 -0.113303 0.000000 0.366201 0.929529 0.043284 1.170040 0.121279 -0.001558 -0.992617 0.000000 0.000000 0.000000 0.000000 1.000000
-0.918372 0.373200 -0.131584 0.000000 0.369579 0.927750 0.051875 1.170040 0.141437 -0.000990 -0.989947 0.000000 0.000000 0.000000 0.000000 1.000000
-0.916071 0.375583 -0.140543 0.000000 0.371277 0.926789 0.056708 1.170040 0.151552 -0.000232 -0.988449 -0.000000 0.000000 0.000000 0.000000 1.000000
-0.917482 0.372391 -0.139828 0.000000 0.367968 0.928075 0.057235 1.170040 0.151085 0.001060 -0.988520 0.000000 0.000000 0.000000 0.000000 1.000000
-0.922707 0.360701 -0.136039 0.000000 0.356443 0.932678 0.055321 1.170040 0.146835 0.002555 -0.989158 0.000000 0.000000 0.000000 0.000000 1.000000
-0.928894 0.347178 -0.128931 0.000000 0.343277 0.937790 0.052060 1.170040 0.138984 0.004099 -0.990286 -0.000000 0.000000 0.000000 0.000000 1.000000
-0.933377 0.338904 -0.118118 0.000000 0.335547 0.940808 0.047844 1.170040 0.127341 0.005022 -0.991846 0.000000 0.000000 0.000000 0.000000 1.000000
-0.936076 0.336409 -0.102910 -0.000000 0.333768 0.941701 0.042409 1.170040 0.111177 0.005350 -0.993786 0.000000 0.000000 0.000000 0.000000 1.000000
-0.938439 0.335134 -0.083767 -0.000000 0.333280 0.942154 0.035627 1.170040 0.090861 0.005516 -0.995848 0.000000 0.000000 0.000000 0.000000 1.000000
-0.940300 0.334637 -0.062081 0.000000 0.333515 0.942330 0.027948 1.170040 0.067853 0.005575 -0.997680 -0.000000 0.000000 0.000000 0.000000 1.000000
-0.941523 0.334671 -0.039103 0.000000 0.334132 0.942318 0.019792 1.170040 0.043471 0.005569 -0.999039 0.000000 0.000000 0.000000 0.000000 1.000000
-0.940872 0.338502 -0.013296 0.000000 0.338385 0.940951 0.010311 1.170040 0.016001 0.005202 -0.999858 -0.000000 0.000000 0.000000 0.000000 1.000000
-0.938334 0.345439 0.014136 0.000000 0.345469 0.938430 -0.000390 1.170040 -0.013400 0.004518 -0.999900 0.000000 0.000000 0.000000 0.000000 1.000000
-0.934809 0.352820 0.040632 -0.000000 0.352658 0.935684 -0.011325 1.170040 -0.042015 0.003743 -0.999110 0.000000 0.000000 0.000000 0.000000 1.000000
-0.931328 0.358474 0.064226 0.000000 0.357848 0.933535 -0.021393 1.170040 -0.067626 0.003059 -0.997706 0.000000 0.000000 0.000000 0.000000 1.000000
-0.927549 0.363657 0.086057 0.000000 0.362334 0.931530 -0.031082 1.170040 -0.091468 0.002351 -0.995805 0.000000 0.000000 0.000000 0.000000 1.000000
-0.923496 0.368568 0.106364 0.000000 0.366347 0.929599 -0.040437 1.170040 -0.113780 0.001623 -0.993505 0.000000 0.000000 0.000000 0.000000 1.000000
-0.919365 0.373001 0.125053 0.000000 0.369730 0.927830 -0.049299 1.170040 -0.134416 0.000912 -0.990925 -0.000000 0.000000 0.000000 0.000000 1.000000
-0.916309 0.375594 0.138947 0.000000 0.371378 0.926784 -0.056118 1.170040 -0.149852 0.000180 -0.988708 0.000000 0.000000 0.000000 0.000000 1.000000</float_array>
          <technique_common>
            <accessor source="#spine01-Matrix-animation-output-transform-array" count="32" stride="16">
              <param type="float4x4">
              </param>
            </accessor>
          </technique_common>
        </source>
        <source id="spine01-Interpolations">
          <Name_array id="spine01-Interpolations-array" count="32">
 LINEAR LINEAR LINEAR LINEAR LINEAR LINEAR LINEAR LINEAR LINEAR LINEAR LINEAR
LINEAR LINEAR LINEAR LINEAR LINEAR LINEAR LINEAR LINEAR LINEAR LINEAR LINEAR LINEAR
LINEAR LINEAR LINEAR LINEAR LINEAR LINEAR LINEAR LINEAR LINEAR</Name_array>
          <technique_common>
            <accessor source="#spine01-Interpolations-array" count="32">
              <param type="name">
              </param>
            </accessor>
          </technique_common>
        </source>
        <sampler id="spine01-Matrix-animation-transform">
          <input semantic="INPUT" source="#spine01-Matrix-animation-input">
          </input>
          <input semantic="OUTPUT" source="#spine01-Matrix-animation-output-transform">
          </input>
          <input semantic="INTERPOLATION" source="#spine01-Interpolations">
          </input>
        </sampler>
        <channel source="#spine01-Matrix-animation-transform" target="spine01/matrix">
        </channel>
      </animation>
    </animation>
    <animation id="spine02-anim" name="spine02">
      <animation>
        <source id="spine02-Matrix-animation-input">
          <float_array id="spine02-Matrix-animation-input-array" count="32">

0.033333 0.066666 0.100000 0.133333 0.166666 0.200000 0.233333 0.266666 0.300000 0.333333 0.366666 0.400000 0.433333 0.466666 0.500000 0.533333
0.566666 0.600000 0.633333 0.666666 0.700000 0.733333 0.766666 0.800000 0.833333 0.866666 0.900000 0.933333 0.966666 1.000000 1.033333 1.066666</float_array>
          <technique_common>
            <accessor source="#spine02-Matrix-animation-input-array" count="32">
              <param name="TIME" type="float">
              </param>
            </accessor>
          </technique_common>
        </source>
        <source id="spine02-Matrix-animation-output-transform">
          <float_array id="spine02-Matrix-animation-output-transform-array" count="512">

0.993300 0.094141 -0.067027 -0.000000 -0.099662 0.991432 -0.084440 1.228600 0.058503 0.090554 0.994172 0.000000 0.000000 0.000000 0.000000 1.000000
0.993334 0.093336 -0.067652 0.000000 -0.098449 0.992185 -0.076657 1.228600 0.059968 0.082806 0.994760 -0.000000 0.000000 0.000000 0.000000 1.000000
0.993419 0.090888 -0.069693 0.000000 -0.094410 0.994326 -0.049022 1.228600 0.064842 0.055279 0.996363 -0.000000 0.000000 0.000000 0.000000 1.000000
0.993467 0.088803 -0.071671 0.000000 -0.090038 0.995837 -0.014176 1.228600 0.070114 0.020537 0.997328 -0.000000 0.000000 0.000000 0.000000 1.000000
0.993473 0.088785 -0.071609 0.000000 -0.087990 0.996020 0.014184 1.228600 0.072583 -0.007790 0.997332 0.000000 0.000000 0.000000 0.000000 1.000000
0.992942 0.097797 -0.067103 -0.000000 -0.095734 0.994850 0.033307 1.228600 0.070015 -0.026648 0.997190 -0.000000 0.000000 0.000000 0.000000 1.000000
0.991664 0.115056 -0.058006 -0.000000 -0.112264 0.992455 0.049304 1.228600 0.063241 -0.042381 0.997098 0.000000 0.000000 0.000000 0.000000 1.000000
0.990381 0.130485 -0.046043 -0.000000 -0.127542 0.989897 0.061936 1.228600 0.053659 -0.055468 0.997018 -0.000000 0.000000 0.000000 0.000000 1.000000
0.990313 0.134806 -0.033280 -0.000000 -0.132180 0.988650 0.071413 1.228600 0.042529 -0.066322 0.996892 0.000000 0.000000 0.000000 0.000000 1.000000
0.990818 0.133965 -0.018231 -0.000000 -0.132185 0.988194 0.077457 1.228600 0.028392 -0.074336 0.996829 0.000000 0.000000 0.000000 0.000000 1.000000
0.991184 0.132483 -0.001453 -0.000000 -0.131933 0.987958 0.080824 1.228600 0.012143 -0.079920 0.996727 0.000000 0.000000 0.000000 0.000000 1.000000
0.991345 0.130428 0.014965 0.000000 -0.131223 0.987890 0.082783 1.228600 -0.003987 -0.084030 0.996455 -0.000000 0.000000 0.000000 0.000000 1.000000
0.991520 0.126565 0.029479 0.000000 -0.128635 0.988101 0.084324 1.228600 -0.018456 -0.087401 0.996002 0.000000 0.000000 0.000000 0.000000 1.000000
0.992335 0.115673 0.043488 -0.000000 -0.119034 0.989253 0.084903 1.228600 -0.033200 -0.089429 0.995440 -0.000000 0.000000 0.000000 0.000000 1.000000
0.993124 0.102825 0.055964 0.000000 -0.107347 0.990589 0.084910 1.228600 -0.046707 -0.090334 0.994816 -0.000000 0.000000 0.000000 0.000000 1.000000
0.993362 0.094669 0.065350 0.000000 -0.100044 0.991382 0.084573 1.228600 -0.056780 -0.090549 0.994272 0.000000 0.000000 0.000000 0.000000 1.000000
0.992509 0.099438 0.070978 0.000000 -0.105119 0.991125 0.081376 1.228600 -0.062256 -0.088228 0.994153 0.000000 0.000000 0.000000 0.000000 1.000000
0.990215 0.118217 0.074161 0.000000 -0.123479 0.989812 0.070893 1.228600 -0.065025 -0.079357 0.994723 0.000000 0.000000 0.000000 0.000000 1.000000
0.987401 0.139452 0.074789 0.000000 -0.143800 0.988006 0.056271 1.228600 -0.066045 -0.066317 0.995610 -0.000000 0.000000 0.000000 0.000000 1.000000
0.985774 0.151235 0.073337 0.000000 -0.154497 0.987141 0.041023 1.228600 -0.066190 -0.051769 0.996463 -0.000000 0.000000 0.000000 0.000000 1.000000
0.985661 0.154073 0.068796 0.000000 -0.156065 0.987442 0.024549 1.228600 -0.064150 -0.034934 0.997329 -0.000000 0.000000 0.000000 0.000000 1.000000
0.985872 0.156236 0.060395 0.000000 -0.156865 0.987603 0.005790 1.228600 -0.058742 -0.015182 0.998158 0.000000 0.000000 0.000000 0.000000 1.000000
0.986252 0.157605 0.049676 0.000000 -0.157171 0.987492 -0.012550 1.228600 -0.051032 0.004570 0.998687 -0.000000 0.000000 0.000000 0.000000 1.000000
0.986690 0.158092 0.038069 0.000000 -0.157096 0.987190 -0.027878 1.228600 -0.041989 0.021527 0.998886 0.000000 0.000000 0.000000 0.000000 1.000000
0.987632 0.154838 0.024650 0.000000 -0.153767 0.987271 -0.040645 1.228600 -0.030630 0.036352 0.998870 -0.000000 0.000000 0.000000 0.000000 1.000000
0.988926 0.148076 0.009961 -0.000000 -0.147375 0.987727 -0.051736 1.228600 -0.017499 0.049695 0.998611 -0.000000 0.000000 0.000000 0.000000 1.000000
0.990182 0.139708 -0.004541 0.000000 -0.139723 0.988295 -0.061234 1.228600 -0.004067 0.061267 0.998113 0.000000 0.000000 0.000000 0.000000 1.000000
0.991194 0.131223 -0.017761 -0.000000 -0.132146 0.988824 -0.069030 1.228600 0.008504 0.070769 0.997456 0.000000 0.000000 0.000000 0.000000 1.000000
0.992144 0.121344 -0.030421 0.000000 -0.123323 0.989532 -0.074958 1.228600 0.021007 0.078121 0.996722 0.000000 0.000000 0.000000 0.000000 1.000000
0.992920 0.110893 -0.042576 0.000000 -0.114007 0.990298 -0.079452 1.228600 0.033352 0.083743 0.995929 0.000000 0.000000 0.000000 0.000000 1.000000
0.993401 0.101151 -0.054064 0.000000 -0.105417 0.990963 -0.082947 1.228600 0.045185 0.088099 0.995086 0.000000 0.000000 0.000000 0.000000 1.000000
0.993386 0.094831 -0.064737 0.000000 -0.100148 0.991374 -0.084542 1.228600 0.056162 0.090466 0.994315 0.000000 0.000000 0.000000 0.000000 1.000000</float_array>
          <technique_common>
            <accessor source="#spine02-Matrix-animation-output-transform-array" count="32" stride="16">
              <param type="float4x4">
              </param>
            </accessor>
          </technique_common>
        </source>
        <source id="spine02-Interpolations">
          <Name_array id="spine02-Interpolations-array" count="32">
 LINEAR LINEAR LINEAR LINEAR LINEAR LINEAR LINEAR LINEAR LINEAR LINEAR LINEAR
LINEAR LINEAR LINEAR LINEAR LINEAR LINEAR LINEAR LINEAR LINEAR LINEAR LINEAR LINEAR
LINEAR LINEAR LINEAR LINEAR LINEAR LINEAR LINEAR LINEAR LINEAR</Name_array>
          <technique_common>
            <accessor source="#spine02-Interpolations-array" count="32">
              <param type="name">
              </param>
            </accessor>
          </technique_common>
        </source>
        <sampler id="spine02-Matrix-animation-transform">
          <input semantic="INPUT" source="#spine02-Matrix-animation-input">
          </input>
          <input semantic="OUTPUT" source="#spine02-Matrix-animation-output-transform">
          </input>
          <input semantic="INTERPOLATION" source="#spine02-Interpolations">
          </input>
        </sampler>
        <channel source="#spine02-Matrix-animation-transform" target="spine02/matrix">
        </channel>
      </animation>
    </animation>
    <animation id="neck01-anim" name="neck01">
      <animation>
        <source id="neck01-Matrix-animation-input">
          <float_array id="neck01-Matrix-animation-input-array" count="32">

0.033333 0.066666 0.100000 0.133333 0.166666 0.200000 0.233333 0.266666 0.300000 0.333333 0.366666 0.400000 0.433333 0.466666 0.500000 0.533333
0.566666 0.600000 0.633333 0.666666 0.700000 0.733333 0.766666 0.800000 0.833333 0.866666 0.900000 0.933333 0.966666 1.000000 1.033333 1.066666</float_array>
          <technique_common>
            <accessor source="#neck01-Matrix-animation-input-array" count="32">
              <param name="TIME" type="float">
              </param>
            </accessor>
          </technique_common>
        </source>
        <source id="neck01-Matrix-animation-output-transform">
          <float_array id="neck01-Matrix-animation-output-transform-array" count="512">

0.944380 0.328855 0.000040 0.000000 -0.326037 0.936272 0.130743 2.269080 0.042958 -0.123484 0.991416 0.000000 0.000000 0.000000 0.000000 1.000000
0.944452 0.328650 0.000022 0.000000 -0.326062 0.937005 0.125316 2.269080 0.041165 -0.118362 0.992117 0.000000 0.000000 0.000000 0.000000 1.000000
0.944687 0.327973 -0.000030 -0.000000 -0.326143 0.939425 0.105411 2.269080 0.034600 -0.099571 0.994429 0.000000 0.000000 0.000000 0.000000 1.000000
0.944939 0.327247 -0.000061 0.000000 -0.326230 0.942016 0.078607 2.269080 0.025781 -0.074259 0.996906 0.000000 0.000000 0.000000 0.000000 1.000000
0.945109 0.326756 -0.000059 0.000000 -0.326289 0.943769 0.053254 2.269080 0.017456 -0.050311 0.998581 0.000000 0.000000 0.000000 0.000000 1.000000
0.945206 0.326475 -0.000040 0.000000 -0.326322 0.944767 0.030485 2.269080 0.009990 -0.028801 0.999535 0.000000 0.000000 0.000000 0.000000 1.000000
0.945251 0.326345 -0.000010 0.000000 -0.326338 0.945229 0.006765 2.269080 0.002217 -0.006391 0.999977 0.000000 0.000000 0.000000 0.000000 1.000000
0.945239 0.326379 0.000021 0.000000 -0.326334 0.945111 -0.016493 2.269080 -0.005403 0.015583 0.999864 0.000000 0.000000 0.000000 0.000000 1.000000
0.945180 0.326550 0.000045 0.000000 -0.326313 0.944498 -0.037986 2.269080 -0.012447 0.035889 0.999278 0.000000 0.000000 0.000000 0.000000 1.000000
0.945078 0.326845 0.000059 0.000000 -0.326278 0.943449 -0.058711 2.269080 -0.019245 0.055467 0.998275 0.000000 0.000000 0.000000 0.000000 1.000000
0.944942 0.327239 0.000059 0.000000 -0.326231 0.942046 -0.078246 2.269080 -0.025661 0.073919 0.996934 0.000000 0.000000 0.000000 0.000000 1.000000
0.944792 0.327671 0.000044 0.000000 -0.326179 0.940502 -0.095197 2.269080 -0.031235 0.089927 0.995458 0.000000 0.000000 0.000000 0.000000 1.000000
0.944653 0.328072 0.000022 0.000000 -0.326131 0.939071 -0.108551 2.269080 -0.035633 0.102536 0.994091 0.000000 0.000000 0.000000 0.000000 1.000000
0.944527 0.328434 -0.000005 0.000000 -0.326088 0.937777 -0.119335 2.269080 -0.039189 0.112717 0.992854 -0.000000 0.000000 0.000000 0.000000 1.000000
0.944430 0.328712 -0.000028 0.000000 -0.326055 0.936783 -0.126985 2.269080 -0.041715 0.119938 0.991905 0.000000 0.000000 0.000000 0.000000 1.000000
0.944383 0.328849 -0.000041 0.000000 -0.326038 0.936294 -0.130585 2.269080 -0.042904 0.123336 0.991437 -0.000000 0.000000 0.000000 0.000000 1.000000
0.944396 0.328810 -0.000038 0.000000 -0.326043 0.936435 -0.129562 2.269080 -0.042566 0.122370 0.991571 0.000000 0.000000 0.000000 0.000000 1.000000
0.944460 0.328626 -0.000021 0.000000 -0.326065 0.937091 -0.124669 2.269080 -0.040950 0.117752 0.992198 0.000000 0.000000 0.000000 0.000000 1.000000
0.944559 0.328341 0.000002 -0.000000 -0.326099 0.938111 -0.116650 2.269080 -0.038303 0.110182 0.993173 -0.000000 0.000000 0.000000 0.000000 1.000000
0.944678 0.327999 0.000027 -0.000000 -0.326140 0.939335 -0.106222 2.269080 -0.034866 0.100337 0.994342 -0.000000 0.000000 0.000000 0.000000 1.000000
0.944813 0.327612 0.000047 -0.000000 -0.326187 0.940717 -0.093030 2.269080 -0.030522 0.087880 0.995663 -0.000000 0.000000 0.000000 0.000000 1.000000
0.944952 0.327210 0.000060 -0.000000 -0.326235 0.942151 -0.076956 2.269080 -0.025237 0.072700 0.997035 -0.000000 0.000000 0.000000 0.000000 1.000000
0.945076 0.326851 0.000060 0.000000 -0.326277 0.943425 -0.059090 2.269080 -0.019370 0.055825 0.998253 0.000000 0.000000 0.000000 0.000000 1.000000
0.945170 0.326579 0.000048 -0.000000 -0.326310 0.944397 -0.040446 2.269080 -0.013254 0.038213 0.999182 0.000000 0.000000 0.000000 0.000000 1.000000
0.945232 0.326399 0.000026 -0.000000 -0.326332 0.945039 -0.020238 2.269080 -0.006630 0.019121 0.999795 0.000000 0.000000 0.000000 0.000000 1.000000
0.945253 0.326339 -0.000003 0.000000 -0.326339 0.945252 0.001202 2.269080 0.000395 -0.001136 0.999999 0.000000 0.000000 0.000000 0.000000 1.000000
0.945227 0.326415 -0.000031 -0.000000 -0.326330 0.944982 0.022764 2.269080 0.007460 -0.021507 0.999741 0.000000 0.000000 0.000000 0.000000 1.000000
0.945157 0.326617 -0.000053 0.000000 -0.326305 0.944260 0.043559 2.269080 0.014277 -0.041153 0.999051 -0.000000 0.000000 0.000000 0.000000 1.000000
0.945044 0.326944 -0.000063 0.000000 -0.326267 0.943099 0.064147 2.269080 0.021032 -0.060602 0.997940 0.000000 0.000000 0.000000 0.000000 1.000000
0.944890 0.327388 -0.000057 0.000000 -0.326213 0.941511 0.084505 2.269080 0.027720 -0.079829 0.996423 0.000000 0.000000 0.000000 0.000000 1.000000
0.944698 0.327943 -0.000032 0.000000 -0.326147 0.939535 0.104418 2.269080 0.034273 -0.098633 0.994534 0.000000 0.000000 0.000000 0.000000 1.000000
0.944449 0.328658 0.000022 -0.000000 -0.326061 0.936977 0.125533 2.269080 0.041237 -0.118567 0.992089 0.000000 0.000000 0.000000 0.000000 1.000000</float_array>
          <technique_common>
            <accessor source="#neck01-Matrix-animation-output-transform-array" count="32" stride="16">
              <param type="float4x4">
              </param>
            </accessor>
          </technique_common>
        </source>
        <source id="neck01-Interpolations">
          <Name_array id="neck01-Interpolations-array" count="32">
 LINEAR LINEAR LINEAR LINEAR LINEAR LINEAR LINEAR LINEAR LINEAR LINEAR LINEAR
LINEAR LINEAR LINEAR LINEAR LINEAR LINEAR LINEAR LINEAR LINEAR LINEAR LINEAR LINEAR
LINEAR LINEAR LINEAR LINEAR LINEAR LINEAR LINEAR LINEAR LINEAR</Name_array>
          <technique_common>
            <accessor source="#neck01-Interpolations-array" count="32">
              <param type="name">
              </param>
            </accessor>
          </technique_common>
        </source>
        <sampler id="neck01-Matrix-animation-transform">
          <input semantic="INPUT" source="#neck01-Matrix-animation-input">
          </input>
          <input semantic="OUTPUT" source="#neck01-Matrix-animation-output-transform">
          </input>
          <input semantic="INTERPOLATION" source="#neck01-Interpolations">
          </input>
        </sampler>
        <channel source="#neck01-Matrix-animation-transform" target="neck01/matrix">
        </channel>
      </animation>
    </animation>
    <animation id="head-anim" name="head">
      <animation>
        <source id="head-Matrix-animation-input">
          <float_array id="head-Matrix-animation-input-array" count="31">

0.041666 0.074999 0.108333 0.141666 0.174999 0.208333 0.241666 0.274999 0.308333 0.341666 0.374999 0.408333 0.441666 0.474999 0.508333 0.541666
0.574999 0.608333 0.641666 0.674999 0.708333 0.741666 0.774999 0.808333 0.841666 0.874999 0.908333 0.941666 0.974999 1.008333 1.041666</float_array>
          <technique_common>
            <accessor source="#head-Matrix-animation-input-array" count="31">
              <param name="TIME" type="float">
              </param>
            </accessor>
          </technique_common>
        </source>
        <source id="head-Matrix-animation-output-transform">
          <float_array id="head-Matrix-animation-output-transform-array" count="496">

0.996675 0.013433 0.080362 0.000000 -0.028116 0.982433 0.184484 0.751960 -0.076472 -0.186130 0.979545 0.000000 0.000000 0.000000 0.000000 1.000000
0.997145 -0.012191 0.074519 0.000000 -0.001382 0.983767 0.179445 0.751960 -0.075497 -0.179036 0.980942 0.000000 0.000000 0.000000 0.000000 1.000000
0.995770 -0.067427 0.062421 0.000000 0.056312 0.984636 0.165288 0.751960 -0.072607 -0.161073 0.984268 0.000000 0.000000 0.000000 0.000000 1.000000
0.991491 -0.119568 0.051480 0.000000 0.111094 0.983297 0.144172 0.751960 -0.067858 -0.137226 0.988213 0.000000 0.000000 0.000000 0.000000 1.000000
0.989442 -0.137584 0.045554 0.000000 0.131340 0.984107 0.119511 0.751960 -0.061273 -0.112266 0.991787 0.000000 0.000000 0.000000 0.000000 1.000000
0.989476 -0.138955 0.040355 -0.000000 0.134865 0.986701 0.090733 0.751960 -0.052426 -0.084335 0.995057 0.000000 0.000000 0.000000 0.000000 1.000000
0.989762 -0.138608 0.034047 0.000000 0.136488 0.988929 0.058226 0.751960 -0.041741 -0.052983 0.997723 0.000000 0.000000 0.000000 0.000000 1.000000
0.990123 -0.137586 0.026958 0.000000 0.136958 0.990289 0.023895 0.751960 -0.029984 -0.019967 0.999351 -0.000000 0.000000 0.000000 0.000000 1.000000
0.990954 -0.132818 0.019246 -0.000000 0.133052 0.991043 -0.011410 0.751960 -0.017558 0.013868 0.999750 -0.000000 0.000000 0.000000 0.000000 1.000000
0.994269 -0.106536 0.008859 0.000000 0.106849 0.992985 -0.050645 0.751960 -0.003401 0.051301 0.998677 0.000000 0.000000 0.000000 0.000000 1.000000
0.997592 -0.069174 -0.005081 0.000000 0.068448 0.993661 -0.089178 0.751960 0.011217 0.088615 0.996003 -0.000000 0.000000 0.000000 0.000000 1.000000
0.999162 -0.035457 -0.020469 0.000000 0.032707 0.992012 -0.121826 0.751960 0.024625 0.121055 0.992340 -0.000000 0.000000 0.000000 0.000000 1.000000
0.999305 -0.011943 -0.035319 -0.000000 0.006616 0.989076 -0.147256 0.751960 0.036692 0.146920 0.988468 0.000000 0.000000 0.000000 0.000000 1.000000
0.998627 0.010388 -0.051340 -0.000000 -0.018921 0.985495 -0.168649 0.751960 0.048843 0.169389 0.984338 -0.000000 0.000000 0.000000 0.000000 1.000000
0.997551 0.027221 -0.064432 0.000000 -0.038644 0.982297 -0.183299 0.751960 0.058302 0.185340 0.980943 0.000000 0.000000 0.000000 0.000000 1.000000
0.996983 0.033874 -0.069837 0.000000 -0.046548 0.980926 -0.188724 0.751960 0.062112 0.191405 0.979544 0.000000 0.000000 0.000000 0.000000 1.000000
0.997654 0.020834 -0.065204 0.000000 -0.032407 0.982798 -0.181819 0.751960 0.060294 0.183506 0.981168 0.000000 0.000000 0.000000 0.000000 1.000000
0.998457 -0.009427 -0.054722 0.000000 0.000316 0.986431 -0.164177 0.751960 0.055527 0.163906 0.984912 0.000000 0.000000 0.000000 0.000000 1.000000
0.998121 -0.043478 -0.043186 0.000000 0.037012 0.989370 -0.140635 0.751960 0.048841 0.138772 0.989119 0.000000 0.000000 0.000000 0.000000 1.000000
0.997113 -0.068109 -0.033554 0.000000 0.063779 0.991137 -0.116533 0.751960 0.041194 0.114057 0.992620 -0.000000 0.000000 0.000000 0.000000 1.000000
0.995841 -0.087818 -0.024245 0.000000 0.085301 0.992249 -0.090366 0.751960 0.031993 0.087922 0.995613 0.000000 0.000000 0.000000 0.000000 1.000000
0.994405 -0.104551 -0.015088 0.000000 0.103447 0.992746 -0.061273 0.751960 0.021385 0.059369 0.998007 0.000000 0.000000 0.000000 0.000000 1.000000
0.993387 -0.114618 -0.006653 0.000000 0.114363 0.992964 -0.030733 0.751960 0.010129 0.029769 0.999505 0.000000 0.000000 0.000000 0.000000 1.000000
0.993517 -0.113678 0.001275 0.000000 0.113678 0.993518 0.000194 0.751960 -0.001289 -0.000048 0.999999 0.000000 0.000000 0.000000 0.000000 1.000000
0.995029 -0.099037 0.010461 0.000000 0.098647 0.994579 0.032876 0.751960 -0.013660 -0.031681 0.999405 -0.000000 0.000000 0.000000 0.000000 1.000000
0.996775 -0.077368 0.021288 0.000000 0.075839 0.994990 0.065134 0.751960 -0.026221 -0.063309 0.997649 0.000000 0.000000 0.000000 0.000000 1.000000
0.997880 -0.056201 0.032811 0.000000 0.052884 0.994124 0.094449 0.751960 -0.037926 -0.092514 0.994989 0.000000 0.000000 0.000000 0.000000 1.000000
0.998265 -0.039293 0.043855 0.000000 0.033797 0.992235 0.119698 0.751960 -0.048218 -0.118008 0.991841 -0.000000 0.000000 0.000000 0.000000 1.000000
0.998233 -0.022225 0.055101 -0.000000 0.014189 0.989741 0.142169 0.751960 -0.057695 -0.141136 0.988308 0.000000 0.000000 0.000000 0.000000 1.000000
0.997793 -0.006020 0.066126 0.000000 -0.004765 0.986822 0.161737 0.751960 -0.066228 -0.161695 0.984616 -0.000000 0.000000 0.000000 0.000000 1.000000
0.997052 0.008014 0.076310 0.000000 -0.021552 0.983744 0.178276 0.751960 -0.073641 -0.179395 0.981017 0.000000 0.000000 0.000000 0.000000 1.000000</float_array>
          <technique_common>
            <accessor source="#head-Matrix-animation-output-transform-array" count="31" stride="16">
              <param type="float4x4">
              </param>
            </accessor>
          </technique_common>
        </source>
        <source id="head-Interpolations">
          <Name_array id="head-Interpolations-array" count="31">
 LINEAR LINEAR LINEAR LINEAR LINEAR LINEAR LINEAR LINEAR LINEAR LINEAR LINEAR
LINEAR LINEAR LINEAR LINEAR LINEAR LINEAR LINEAR LINEAR LINEAR LINEAR LINEAR LINEAR
LINEAR LINEAR LINEAR LINEAR LINEAR LINEAR LINEAR LINEAR</Name_array>
          <technique_common>
            <accessor source="#head-Interpolations-array" count="31">
              <param type="name">
              </param>
            </accessor>
          </technique_common>
        </source>
        <sampler id="head-Matrix-animation-transform">
          <input semantic="INPUT" source="#head-Matrix-animation-input">
          </input>
          <input semantic="OUTPUT" source="#head-Matrix-animation-output-transform">
          </input>
          <input semantic="INTERPOLATION" source="#head-Interpolations">
          </input>
        </sampler>
        <channel source="#head-Matrix-animation-transform" target="head/matrix">
        </channel>
      </animation>
    </animation>
    <animation id="L_clavicle-anim" name="L_clavicle">
      <animation>
        <source id="L_clavicle-Matrix-animation-input">
          <float_array id="L_clavicle-Matrix-animation-input-array" count="32">

0.033333 0.066666 0.100000 0.133333 0.166666 0.200000 0.233333 0.266666 0.300000 0.333333 0.366666 0.400000 0.433333 0.466666 0.500000 0.533333
0.566666 0.600000 0.633333 0.666666 0.700000 0.733333 0.766666 0.800000 0.833333 0.866666 0.900000 0.933333 0.966666 1.000000 1.033333 1.066666</float_array>
          <technique_common>
            <accessor source="#L_clavicle-Matrix-animation-input-array" count="32">
              <param name="TIME" type="float">
              </param>
            </accessor>
          </technique_common>
        </source>
        <source id="L_clavicle-Matrix-animation-output-transform">
          <float_array id="L_clavicle-Matrix-animation-output-transform-array" count="512">

0.981501 -0.009042 0.191242 -0.074762 -0.191236 0.001557 0.981543 1.531200 -0.009173 -0.999958 -0.000201 -0.785255 0.000000 0.000000 0.000000 1.000000
0.981021 -0.021542 0.192702 -0.074762 -0.192860 -0.005482 0.981211 1.531200 -0.020081 -0.999753 -0.009532 -0.785255 0.000000 0.000000 0.000000 1.000000
0.978397 -0.065482 0.196088 -0.074762 -0.198356 -0.030083 0.979668 1.531200 -0.058252 -0.997400 -0.042422 -0.785255 0.000000 0.000000 0.000000 1.000000
0.973195 -0.119425 0.196545 -0.074762 -0.204685 -0.060103 0.976981 1.531200 -0.104863 -0.991022 -0.082936 -0.785255 0.000000 0.000000 0.000000 1.000000
0.967842 -0.159935 0.194173 -0.074762 -0.209139 -0.082615 0.974390 1.531200 -0.139797 -0.983664 -0.113407 -0.785255 0.000000 0.000000 0.000000 1.000000
0.964436 -0.181815 0.191851 -0.074762 -0.211382 -0.094776 0.972797 1.531200 -0.158686 -0.978755 -0.129838 -0.785255 0.000000 0.000000 0.000000 1.000000
0.962048 -0.195942 0.189922 -0.074762 -0.212730 -0.102624 0.971707 1.531200 -0.170908 -0.975231 -0.140412 -0.785255 0.000000 0.000000 0.000000 1.000000
0.960758 -0.203245 0.188772 -0.074762 -0.213376 -0.106676 0.971129 1.531200 -0.177240 -0.973299 -0.145858 -0.785255 0.000000 0.000000 0.000000 1.000000
0.960613 -0.204100 0.188588 -0.074762 -0.213405 -0.107142 0.971071 1.531200 -0.177990 -0.973069 -0.146478 -0.785255 0.000000 0.000000 0.000000 1.000000
0.963256 -0.189784 0.190053 -0.074762 -0.211370 -0.099062 0.972373 1.531200 -0.165714 -0.976815 -0.135537 -0.785255 0.000000 0.000000 0.000000 1.000000
0.967702 -0.163196 0.192146 -0.074762 -0.207683 -0.084035 0.974580 1.531200 -0.142900 -0.983008 -0.115214 -0.785255 0.000000 0.000000 0.000000 1.000000
0.972056 -0.132721 0.193629 -0.074762 -0.203679 -0.066749 0.976760 1.531200 -0.116712 -0.988903 -0.091916 -0.785255 0.000000 0.000000 0.000000 1.000000
0.975289 -0.105229 0.194263 -0.074762 -0.200388 -0.051054 0.978385 1.531200 -0.093037 -0.993137 -0.070879 -0.785255 0.000000 0.000000 0.000000 1.000000
0.978089 -0.076685 0.193552 -0.074762 -0.196632 -0.034813 0.979859 1.531200 -0.068402 -0.996447 -0.049129 -0.785255 0.000000 0.000000 0.000000 1.000000
0.980242 -0.046732 0.192204 -0.074762 -0.193201 -0.017809 0.980998 1.531200 -0.042421 -0.998749 -0.026486 -0.785255 0.000000 0.000000 0.000000 1.000000
0.981400 -0.016236 0.191285 -0.074762 -0.191319 -0.000552 0.981528 1.531200 -0.015830 -0.999868 -0.003648 -0.785255 0.000000 0.000000 0.000000 1.000000
0.981378 0.015571 0.191457 -0.074762 -0.191702 0.016125 0.981321 1.531200 0.012192 -0.999749 0.018810 -0.785255 0.000000 0.000000 0.000000 1.000000
0.980219 0.049770 0.191557 -0.074762 -0.193233 0.031333 0.980652 1.531200 0.042805 -0.998269 0.040331 -0.785255 0.000000 0.000000 0.000000 1.000000
0.978162 0.082029 0.190974 -0.074762 -0.195077 0.045241 0.979744 1.531200 0.071728 -0.995603 0.060255 -0.785255 0.000000 0.000000 0.000000 1.000000
0.975934 0.107791 0.189565 -0.074762 -0.196530 0.058063 0.978777 1.531200 0.094497 -0.992477 0.077850 -0.785255 0.000000 0.000000 0.000000 1.000000
0.974060 0.125636 0.188211 -0.074762 -0.197690 0.067704 0.977924 1.531200 0.110120 -0.989763 0.090785 -0.785255 0.000000 0.000000 0.000000 1.000000
0.972565 0.137487 0.187656 -0.074762 -0.198870 0.072843 0.977315 1.531200 0.120699 -0.987821 0.098187 -0.785255 0.000000 0.000000 0.000000 1.000000
0.971656 0.143807 0.187629 -0.074762 -0.199738 0.074861 0.976985 1.531200 0.126451 -0.986770 0.101463 -0.785255 0.000000 0.000000 0.000000 1.000000
0.971494 0.144757 0.187735 -0.074762 -0.199955 0.074955 0.976934 1.531200 0.127346 -0.986624 0.101763 -0.785255 0.000000 0.000000 0.000000 1.000000
